2 2 2 2 2 2 2 2 2 0 3 3 3 3 3 3 0 4 4 4 4 4 4 4 4 4 4 4 4 4 0 5 5 5 5 5 5 0 6 6 6 6 6 6 0 7 7 7 7 7 7 7 7 7 7 7 7 0 8 8 8 8 8 8 0 9 9 9 9 9 9 9 9 9 9 9 9 0 10 10 10 10 10 10 10 10 0 11 11 11 11 11 11 11 11 11 11 0 0 0
2 2 2 2 2 2 2 2 2 2 0 3 3 3 3 3 3 0 0 0 4 4 4 4 4 4 4 4 0 0 5 5 5 5 5 5 5 5 0 6 6 6 6 0 12 0 7 7 7 7 7 7 7 7 7 7 7 7 0 8 8 8 8 0 9 9 9 9 9 9 9 9 9 9 9 9 9 9 0 10 10 10 10 10 0 0 0 0 11 11 11 11 11 11 11 11 0 13 13 13
0 2 2 2 2 2 2 2 0 0 3 3 3 3 3 3 3 3 3 0 0 4 4 4 4 4 4 0 4 0 5 5 5 5 5 5 5 0 6 6 0 6 6 0 7 7 7 7 7 7 7 7 7 7 7 7 0 0 8 8 8 8 8 8 0 9 9 9 9 9 9 9 0 9 0 0 0 0 10 10 10 10 10 10 10 0 10 0 0 0 11 11 11 11 11 0 16 0 13 13
2 2 2 2 2 2 2 2 2 0 3 3 3 3 3 3 3 0 0 17 17 0 4 4 4 4 4 4 4 4 0 5 0 5 5 5 0 6 6 0 18 0 0 18 0 7 7 7 7 7 7 7 7 7 7 7 0 8 8 8 8 8 8 8 0 0 9 0 9 9 9 0 20 0 21 21 21 0 10 10 10 10 10 10 10 10 10 10 0 22 0 11 11 11 0 16 13 13 13 13
2 2 2 2 2 2 2 2 0 3 3 3 3 3 3 3 3 0 0 17 17 17 0 4 0 0 4 4 0 0 23 0 23 0 5 0 25 0 6 0 18 18 18 18 18 0 7 7 7 7 7 7 7 7 0 0 0 8 8 8 8 8 8 0 26 26 0 26 0 9 0 20 20 20 0 20 20 20 0 10 10 10 10 10 0 10 0 0 22 22 22 0 11 0 16 13 13 13 13 13
2 0 0 2 0 2 2 2 2 0 0 0 0 3 3 3 3 0 28 0 0 0 29 0 0 0 0 0 23 23 23 23 23 23 0 25 25 25 0 18 18 18 18 18 0 0 7 7 7 7 0 0 7 0 31 31 31 0 8 8 0 8 0 26 26 26 26 26 26 0 20 20 20 20 20 20 20 20 20 0 10 10 10 10 10 10 0 22 22 22 22 22 0 0 0 13 13 13 13 0
0 0 0 0 2 2 2 2 0 0 32 32 32 0 3 3 0 28 28 0 29 29 29 29 29 0 30 23 23 23 23 23 23 23 23 0 25 0 35 0 18 18 18 18 18 18 0 0 7 0 0 36 0 31 31 31 31 0 8 8 8 0 26 26 26 26 26 26 26 26 0 20 20 20 20 20 20 20 0 37 0 10 0 10 10 10 0 0 22 22 22 22 22 0 38 0 13 0 13 13
39 0 40 40 0 0 0 0 0 0 32 32 32 32 0 0 28 28 0 29 29 29 29 29 0 30 23 23 23 23 23 23 23 0 0 0 0 35 18 18 18 18 18 18 18 18 18 0 0 36 36 36 36 0 31 31 31 31 0 8 0 0 26 26 0 26 26 26 26 26 0 20 20 20 20 20 20 0 37 37 37 0 42 0 10 0 43 43 0 22 22 22 0 0 38 38 0 0 13 0
39 0 0 40 40 40 40 40 0 0 32 32 32 32 0 28 28 28 28 0 29 29 29 29 29 0 23 23 23 23 0 23 0 44 0 45 45 0 18 18 18 18 18 18 18 18 18 18 0 36 36 36 31 31 31 31 0 0 31 0 47 47 0 0 26 26 26 26 26 26 0 20 20 20 20 20 20 0 37 37 0 37 37 42 0 43 43 43 0 22 0 0 38 38 38 38 38 38 0 38
0 40 40 40 40 40 40 0 0 51 0 32 32 32 32 0 28 28 0 29 29 29 0 0 29 0 23 23 23 23 23 0 44 44 44 0 18 18 18 18 18 18 18 18 18 18 18 18 0 36 0 31 31 31 31 31 31 31 31 31 0 47 47 0 0 26 26 26 26 0 0 20 20 20 20 0 0 37 37 37 37 37 37 0 43 43 43 43 43 0 52 0 0 38 38 0 38 38 38 38
0 0 40 40 40 40 40 0 51 51 0 32 0 32 0 28 28 28 28 0 0 0 53 53 0 23 23 23 23 23 0 0 44 44 0 0 18 18 18 18 18 18 18 18 18 18 18 0 0 0 0 31 31 31 31 31 31 31 31 31 0 47 47 47 0 26 26 26 0 20 20 20 20 20 0 37 37 37 37 37 37 37 37 37 0 43 43 43 0 52 52 52 52 0 0 56 0 38 0 38
57 57 0 40 40 40 0 51 51 51 51 0 51 0 0 28 28 28 28 28 28 0 53 53 53 0 23 23 23 23 23 23 0 0 59 0 0 18 18 18 18 18 18 18 18 0 0 0 0 60 60 0 0 0 0 31 31 0 0 0 47 47 47 0 0 0 26 26 26 0 20 20 20 0 0 0 0 37 37 37 37 37 37 37 37 0 0 0 52 52 52 0 0 0 0 56 56 0 56 0
57 57 57 0 40 40 0 51 51 51 51 51 51 51 51 0 28 28 0 0 0 53 53 53 53 53 0 23 0 23 23 0 59 59 59 0 0 18 18 18 18 18 18 18 18 18 0 0 60 60 60 60 60 60 0 31 0 63 47 47 47 47 47 47 0 64 0 26 26 0 0 0 20 0 0 0 37 37 37 37 37 37 37 37 37 37 37 0 52 52 52 52 52 0 56 56 56 56 56 56
57 57 57 0 0 0 51 51 51 51 51 51 51 51 51 51 0 0 65 65 65 0 53 53 53 53 53 0 0 23 0 59 59 59 59 59 0 0 18 18 18 0 18 18 0 0 0 60 60 60 60 60 60 60 60 0 0 0 47 47 47 47 47 0 64 64 0 0 0 66 66 66 0 66 66 0 0 37 37 37 37 37 37 37 37 37 0 52 52 52 52 52 0 56 56 56 56 56 56 0
57 57 57 57 57 0 51 0 51 51 51 51 51 51 51 51 0 65 65 65 65 0 53 53 53 53 0 68 68 0 59 59 59 59 59 59 59 0 0 0 0 18 18 0 0 0 60 60 60 60 60 60 60 60 60 60 0 69 0 47 47 47 0 64 64 64 64 64 0 66 66 66 66 66 66 66 0 37 37 37 37 37 37 37 37 0 52 52 52 52 52 0 56 56 56 56 56 56 56 56
57 57 57 57 0 0 0 51 51 51 51 51 51 51 51 51 0 65 65 65 65 0 53 53 0 53 0 68 62 59 59 59 59 59 59 59 0 70 70 70 70 0 18 0 0 60 60 60 60 60 60 60 60 60 60 0 69 69 0 0 47 47 47 0 0 0 64 0 66 66 66 66 66 66 0 0 0 37 37 37 37 37 37 0 0 71 0 52 52 0 52 0 56 56 56 56 56 56 56 56
57 57 57 57 57 0 51 51 51 51 51 51 51 51 51 0 65 65 65 65 65 0 53 0 72 0 0 0 59 59 59 59 59 59 59 0 73 0 70 70 70 0 0 70 0 0 60 60 60 60 60 60 0 0 0 69 69 69 69 69 0 47 47 0 75 75 0 66 66 66 66 66 66 0 0 0 0 37 37 37 37 37 37 0 71 71 0 52 0 76 0 0 56 56 56 56 56 56 56 56
57 57 57 57 0 0 0 0 51 51 51 51 51 51 0 0 65 65 65 65 0 65 0 72 72 72 72 72 0 59 59 59 59 59 59 0 70 70 70 70 70 70 70 70 70 0 60 60 60 60 60 0 78 69 69 69 69 69 69 69 69 0 0 75 75 75 0 66 66 66 66 66 0 79 79 79 79 0 0 0 0 37 0 71 71 71 71 0 76 76 0 56 56 56 56 56 56 56 56 56
57 57 57 57 57 0 0 0 51 51 51 0 51 0 0 65 65 65 65 65 65 65 0 72 72 72 0 72 72 0 59 59 59 0 0 70 70 70 70 70 70 70 70 0 0 80 0 60 60 0 0 0 69 69 69 69 69 69 69 0 0 0 0 75 75 0 66 66 66 66 66 0 79 79 79 79 79 0 81 81 81 0 71 71 71 71 71 0 76 76 76 0 56 56 56 56 56 56 56 0
57 57 57 57 0 0 82 82 0 51 0 83 0 0 65 65 65 65 65 65 65 65 0 72 72 72 72 72 72 72 0 0 59 0 70 70 70 70 70 70 70 70 70 70 0 80 80 0 60 0 84 84 0 69 69 69 69 69 69 0 85 85 85 0 0 0 0 66 66 66 0 79 79 79 79 79 79 79 0 0 71 71 71 71 71 71 71 71 0 76 76 0 56 56 56 56 56 56 56 56
0 57 57 0 0 82 82 0 0 0 0 83 0 65 65 65 65 65 65 65 65 65 65 0 72 72 72 72 72 72 72 0 0 86 0 0 70 70 70 70 70 70 70 70 70 0 80 80 0 0 84 69 69 69 69 69 69 69 69 0 0 85 0 85 85 0 0 0 66 66 0 0 79 79 79 79 79 79 0 71 71 71 71 71 71 71 71 0 76 76 0 88 0 56 56 56 56 56 56 56
0 0 0 0 82 82 82 82 0 83 83 83 83 0 65 65 65 65 65 65 65 65 65 0 72 72 72 72 72 72 0 86 86 86 86 0 70 70 70 70 70 70 70 70 0 80 80 0 0 0 0 69 69 69 69 69 69 69 0 85 85 85 85 85 85 85 0 92 0 0 92 0 0 0 79 79 79 79 0 71 71 71 71 71 71 71 0 76 76 0 88 88 88 0 56 56 56 56 56 56
0 94 0 94 0 82 82 82 82 0 0 0 83 83 0 65 65 65 0 65 65 65 65 0 72 72 72 72 72 0 86 86 86 86 0 70 70 70 70 70 70 70 70 70 0 80 0 96 0 69 69 69 69 69 0 0 69 0 85 85 85 85 85 85 85 85 0 92 92 92 92 92 92 0 0 79 0 79 0 0 71 71 71 71 71 0 0 0 76 0 0 88 88 0 0 0 56 0 56 0
94 94 94 94 94 0 82 82 82 82 0 98 0 83 83 0 65 0 99 0 65 65 0 72 72 72 72 72 0 86 86 86 86 86 86 0 70 70 0 70 70 70 0 0 0 0 0 96 96 0 69 69 69 0 100 100 0 0 0 85 85 85 85 85 85 85 0 92 92 92 92 92 92 0 101 0 101 0 101 101 0 71 0 71 0 0 0 104 0 104 0 88 0 88 88 0 0 0 0 107
94 94 94 94 94 0 82 82 82 0 98 98 0 83 0 0 0 99 99 0 65 0 72 72 72 72 72 72 0 86 86 86 86 86 86 0 70 0 0 70 0 0 108 108 0 109 0 96 96 0 0 69 0 100 100 100 0 0 110 0 0 85 85 85 85 85 85 0 92 92 92 92 0 101 101 101 101 101 101 101 101 0 0 0 0 104 104 104 104 104 0 88 88 88 88 88 0 107 107 107
94 94 94 94 94 94 0 82 0 113 0 98 98 0 114 0 99 99 99 99 0 72 72 72 72 72 72 0 86 86 0 86 86 0 86 0 0 115 115 0 116 0 108 108 0 96 96 96 96 0 0 0 100 100 100 100 100 0 100 100 100 0 85 85 85 85 0 92 92 92 92 0 101 101 101 101 101 101 101 101 101 101 101 0 117 0 0 104 104 88 88 88 88 88 88 88 88 0 107 107
0 94 94 94 94 0 0 82 0 98 98 98 98 0 98 98 0 99 99 99 99 0 72 0 72 72 0 86 86 0 118 0 0 119 0 115 115 115 0 116 116 116 0 0 96 96 96 96 96 0 100 100 100 100 100 100 100 100 100 100 100 0 85 85 85 0 85 0 92 92 0 0 0 101 0 101 101 101 101 101 101 101 0 0 117 0 104 104 88 88 88 88 88 88 88 88 0 107 107 107
94 94 94 94 94 94 94 0 98 98 98 98 98 98 98 98 98 0 99 99 99 0 0 0 72 0 0 0 0 118 118 0 118 118 119 0 115 0 123 0 116 0 109 96 96 96 96 96 96 96 0 100 100 100 100 100 100 100 100 100 100 0 85 85 85 85 85 85 0 0 125 0 0 0 101 101 101 101 101 101 101 0 0 117 117 117 0 88 88 88 88 88 88 88 88 0 0 0 0 0
94 94 94 94 94 94 94 94 0 98 98 98 98 98 98 0 0 99 99 99 0 0 126 126 0 0 0 127 0 118 118 118 118 118 0 0 0 123 116 116 116 116 0 96 96 96 96 96 96 96 0 100 100 100 100 100 100 100 100 100 100 0 85 85 85 85 85 0 128 0 125 125 0 0 0 0 101 101 101 101 0 117 117 117 117 117 117 0 88 88 88 88 0 88 88 88 0 130 130 130
0 94 94 94 94 0 94 0 98 98 98 98 98 98 98 98 98 0 99 0 126 126 126 126 126 0 127 118 118 118 118 118 118 118 118 0 123 116 116 116 116 116 0 96 96 96 96 96 96 96 0 100 100 100 100 100 100 100 100 100 100 100 0 0 85 85 0 128 128 0 125 125 125 0 132 132 0 0 101 101 0 0 117 117 117 117 117 0 88 88 88 88 88 0 0 0 130 130 130 130
133 0 94 0 0 134 0 98 98 98 98 98 98 98 98 98 98 98 0 0 0 0 126 126 126 126 0 118 118 118 118 118 118 118 118 0 0 116 116 116 116 116 116 0 0 96 0 96 96 96 0 0 100 100 100 100 100 100 100 100 100 0 135 0 85 0 0 128 125 125 125 125 125 125 0 132 132 0 101 0 0 0 0 0 117 117 117 117 0 88 88 88 88 88 0 130 130 130 130 130
133 0 0 134 134 134 0 98 98 0 98 98 98 98 98 98 98 0 0 0 126 126 126 0 126 126 126 0 0 118 118 118 118 118 0 116 116 116 116 116 116 116 116 116 116 0 0 0 96 0 0 0 0 100 100 100 100 0 100 100 100 0 135 135 0 0 128 125 125 125 125 125 125 125 125 0 132 132 0 132 0 140 117 117 117 117 0 0 141 0 88 88 88 0 130 130 130 130 130 130
133 0 133 0 134 134 134 0 98 98 98 98 98 98 98 98 0 143 0 0 0 0 0 144 0 126 0 118 118 118 118 118 118 118 118 0 116 116 116 116 116 116 116 116 116 116 0 0 0 0 0 146 0 0 100 100 100 100 0 100 0 135 135 135 135 0 125 125 125 125 125 125 125 125 125 0 132 132 132 132 0 0 117 117 117 0 147 0 141 0 88 0 0 130 130 130 130 130 130 130
133 133 133 133 0 134 134 0 0 0 98 98 98 98 98 0 143 143 143 0 143 0 0 144 144 0 144 0 118 0 118 118 118 118 118 118 0 116 0 116 116 116 116 0 116 0 150 150 0 0 0 146 146 0 0 100 0 0 151 0 0 135 0 135 0 0 125 125 0 125 125 125 125 125 0 132 132 132 132 0 152 0 0 117 117 0 141 141 141 141 0 0 0 130 130 130 130 130 130 130
133 133 133 133 133 0 0 153 153 0 98 98 98 0 98 0 143 143 143 143 143 0 144 144 144 144 144 144 0 118 118 118 118 118 0 118 0 0 0 116 116 116 116 116 0 150 150 150 0 146 146 146 146 146 0 100 0 151 151 151 151 0 0 0 0 155 0 0 125 125 125 125 125 125 0 132 132 132 0 152 152 0 152 0 0 141 141 141 141 141 0 0 130 130 130 130 130 130 0 130
133 133 133 133 133 133 0 153 153 153 0 98 0 157 0 143 143 143 143 143 0 144 144 144 144 144 144 144 0 118 0 118 118 118 118 0 158 158 158 0 0 116 116 116 0 150 150 0 146 146 146 146 146 146 146 0 146 0 151 151 0 0 160 155 155 155 0 125 125 0 125 125 125 0 132 132 132 0 152 152 152 152 152 152 0 141 141 141 141 141 141 0 0 0 130 0 130 130 130 0
133 133 133 133 133 0 0 153 153 153 153 0 157 143 143 143 143 143 143 143 143 0 144 144 144 0 0 0 0 0 161 0 118 118 0 158 158 158 158 158 0 0 116 0 150 150 150 150 0 146 146 146 146 146 146 146 146 146 0 0 160 160 155 155 155 155 155 0 125 0 0 0 0 0 132 0 0 0 0 152 152 152 152 152 0 141 141 141 141 141 141 0 163 163 0 130 130 130 0 164
133 133 133 133 133 133 133 0 153 153 153 153 0 143 143 143 143 143 143 143 0 0 144 144 0 165 165 0 0 161 161 0 118 0 166 0 158 158 158 158 158 0 0 150 150 150 150 150 0 146 146 146 146 146 146 146 0 0 167 167 0 0 155 155 155 155 155 155 0 0 168 168 168 168 0 168 168 0 152 152 152 152 152 0 0 0 141 141 141 141 141 141 0 163 163 0 130 0 164 164
133 133 133 133 0 133 0 153 153 153 153 0 170 0 143 0 143 143 143 143 143 0 0 144 0 165 165 165 165 0 161 161 0 161 161 161 0 158 158 158 158 0 171 0 150 150 150 150 0 146 146 146 146 146 146 146 146 0 0 167 167 167 0 155 155 155 155 0 0 0 168 168 168 168 168 168 168 0 152 152 152 152 152 152 0 0 141 141 0 141 141 141 0 163 163 163 0 164 164 164
133 133 133 0 172 0 153 153 153 153 0 170 170 170 0 170 0 143 143 143 143 0 174 0 165 165 165 165 165 0 0 161 161 161 161 161 161 0 158 0 0 0 171 0 150 150 150 0 0 146 146 146 146 146 146 146 0 175 175 0 167 0 176 0 155 155 0 0 0 168 168 168 168 168 168 168 168 168 0 0 0 152 152 0 177 177 0 141 0 0 141 0 163 163 163 0 164 164 164 164
133 0 0 172 172 172 0 153 153 0 0 170 170 170 170 170 170 0 143 0 143 0 165 165 165 165 165 165 165 165 165 0 161 161 161 0 0 178 0 178 171 171 171 171 0 0 0 0 0 146 146 146 0 146 146 0 175 175 175 175 0 176 176 0 155 155 0 0 0 0 168 168 168 168 168 168 0 0 0 0 180 0 0 177 177 177 177 0 177 181 0 0 0 163 163 0 0 164 164 164
0 182 0 172 172 172 0 153 0 170 170 170 170 170 170 170 0 0 143 0 0 184 0 165 0 165 165 165 165 165 165 165 0 0 161 0 0 178 178 171 171 171 171 0 0 185 185 0 186 0 146 0 0 146 0 187 0 175 175 0 176 176 176 176 0 0 176 176 176 0 0 168 168 168 0 168 168 0 180 180 180 180 0 177 0 0 177 177 177 0 190 0 190 0 0 190 0 0 0 164
182 182 0 172 172 0 193 0 170 170 170 170 170 170 170 170 170 170 0 184 184 184 0 0 0 165 165 165 165 165 165 0 195 195 0 0 0 178 171 171 171 171 0 185 185 185 185 0 186 186 0 0 0 0 187 187 187 0 175 0 0 176 176 176 176 176 176 176 176 176 0 168 168 168 168 0 0 180 180 180 180 180 180 0 197 197 0 0 0 190 190 190 190 190 190 190 0 0 164 164
182 172 172 172 0 172 172 0 0 170 170 170 170 170 170 170 170 0 184 184 0 0 198 0 198 0 165 165 165 165 0 195 195 195 195 0 178 171 171 171 171 171 171 0 185 185 185 185 0 186 186 0 187 187 187 187 0 201 0 0 202 0 176 176 176 176 176 176 176 0 203 0 0 168 168 0 180 180 180 180 180 180 180 180 0 197 197 197 0 190 190 190 190 190 190 190 190 0 164 164
172 172 172 172 172 172 172 172 172 0 170 170 170 170 170 170 170 0 0 0 198 198 198 198 198 198 0 165 165 0 195 195 195 195 195 0 171 171 171 171 171 171 0 185 185 185 185 185 185 0 186 186 0 187 187 0 201 201 0 202 202 202 0 176 176 176 176 176 0 203 203 0 0 168 0 180 180 180 180 180 180 180 180 0 197 197 197 0 190 190 190 190 190 190 190 190 190 0 0 0
172 172 172 172 172 172 172 172 172 0 170 170 170 170 170 170 170 170 0 198 198 198 198 198 0 0 165 165 165 0 0 195 195 195 0 171 171 171 171 171 171 0 185 185 185 185 185 185 185 185 0 186 186 0 0 205 0 0 202 202 202 0 0 0 176 176 176 0 203 203 203 0 203 0 180 180 180 180 180 180 180 180 0 0 197 197 197 197 0 190 190 190 190 190 190 190 0 207 207 207
172 172 172 172 172 172 172 0 0 0 170 170 170 170 170 170 170 170 170 0 198 0 198 198 198 0 0 165 0 208 0 0 195 0 209 0 0 171 171 171 171 171 0 185 185 185 185 185 185 0 0 0 0 205 205 205 205 0 202 202 202 202 202 202 0 176 0 203 203 203 203 203 203 0 180 0 180 180 180 180 0 0 211 0 197 0 197 0 190 190 190 190 190 190 190 190 190 0 207 207
172 172 172 172 0 172 0 212 212 0 170 170 170 170 170 170 170 170 170 0 0 198 198 198 0 213 213 0 208 208 208 208 0 209 209 209 0 171 171 171 171 0 185 185 185 185 185 185 185 185 0 210 205 205 205 205 0 0 202 202 202 202 202 202 0 176 0 0 203 203 203 203 203 203 0 0 180 180 180 0 215 0 211 211 0 0 0 190 190 190 190 190 190 190 190 190 190 190 0 207
172 172 0 0 216 0 212 212 212 0 0 170 0 170 170 170 170 0 0 217 0 198 198 0 0 213 208 208 208 208 0 0 209 209 0 209 209 0 171 171 0 185 185 185 185 185 185 185 185 185 185 0 205 205 205 205 0 0 202 202 202 202 202 202 0 0 203 203 203 203 203 203 203 203 0 180 180 180 0 215 211 211 211 211 211 0 0 190 190 190 190 190 190 190 190 190 190 190 190 0
0 0 219 0 212 212 212 212 0 0 212 0 0 170 170 0 0 0 217 217 217 0 198 0 0 0 208 0 208 208 208 208 0 209 209 209 209 209 0 171 0 0 185 185 185 185 185 185 185 185 185 185 0 205 205 0 221 221 0 0 202 202 202 202 202 202 0 203 0 203 203 203 203 203 203 0 180 0 215 211 211 211 0 211 0 0 0 190 190 190 190 0 190 190 190 190 190 0 0 222
0 219 216 212 212 212 212 212 212 212 212 212 0 0 0 223 223 223 0 217 217 217 0 217 0 0 0 225 0 208 208 0 209 209 209 209 209 209 209 0 209 0 185 185 185 185 185 185 185 185 185 0 227 0 0 221 221 221 221 221 0 202 202 202 202 0 203 203 203 203 203 203 203 203 203 203 0 0 0 211 211 211 211 0 211 211 0 0 190 0 0 0 190 190 190 190 0 222 222 222
230 0 212 212 212 212 212 212 212 212 212 212 212 0 223 223 223 223 223 0 217 217 217 217 217 0 225 225 225 0 208 0 0 0 209 209 209 209 209 209 209 0 185 185 185 185 185 185 185 185 185 0 227 227 227 0 221 221 221 221 221 0 202 202 202 0 0 203 0 203 203 203 203 203 203 203 0 0 211 211 211 211 211 211 211 211 211 0 0 0 231 231 0 190 0 0 222 222 222 222
216 212 212 212 212 212 212 212 212 212 212 212 212 0 223 223 223 223 223 223 0 217 217 217 0 232 0 225 225 0 0 233 233 233 0 0 209 209 209 0 0 234 0 185 185 185 185 185 0 0 0 227 227 227 221 221 221 221 221 221 0 202 202 202 202 202 0 0 203 203 203 203 203 203 203 0 211 211 211 211 211 211 211 211 211 211 0 236 236 236 0 231 231 0 229 222 222 222 222 222
212 212 212 212 212 212 212 212 212 212 212 212 212 212 0 223 223 223 223 223 223 0 217 0 232 225 225 225 0 225 0 233 233 233 233 233 0 209 0 234 234 234 0 185 185 185 185 185 185 0 0 0 227 221 221 221 221 221 221 221 221 0 202 0 202 0 240 240 0 203 203 203 203 0 203 0 211 211 211 211 211 211 211 211 211 211 211 0 236 236 0 231 0 0 222 222 222 222 222 222
0 0 212 212 212 212 212 212 212 212 212 212 0 0 223 223 223 223 223 223 0 0 0 232 225 225 225 225 225 225 225 0 233 233 233 233 233 0 234 234 0 234 234 0 185 0 0 185 0 241 0 0 221 221 221 221 221 221 221 221 0 242 0 242 0 240 240 240 240 0 203 0 203 203 0 244 0 0 0 0 211 211 211 211 211 0 0 236 236 0 245 0 245 0 222 222 222 0 222 222
0 247 0 212 212 212 212 212 212 212 212 0 223 223 223 223 223 223 223 223 223 0 0 225 225 225 225 225 225 0 225 225 0 0 233 233 233 0 234 234 234 234 234 234 0 234 234 0 234 241 0 221 221 221 221 221 221 221 221 0 0 242 242 242 242 0 240 240 0 0 0 0 203 203 0 244 244 244 244 244 0 211 211 211 211 0 236 236 0 245 245 245 245 245 0 222 0 222 222 222
247 247 247 0 212 212 212 212 212 212 212 0 0 223 223 223 223 223 223 0 0 232 225 225 225 225 225 225 225 225 225 225 225 225 0 233 233 0 234 234 234 234 234 234 234 234 234 234 234 0 221 221 221 221 221 221 221 221 0 242 242 242 242 242 242 242 0 0 252 0 0 0 203 0 244 244 244 244 244 244 244 0 211 211 0 236 236 0 245 245 245 245 245 245 245 0 0 0 222 222
247 247 247 247 0 0 212 0 212 212 0 253 253 0 223 0 223 223 223 0 254 0 225 225 225 225 225 225 225 225 225 225 225 225 0 233 0 0 0 0 234 234 234 234 234 234 234 234 234 234 0 0 221 221 221 221 221 0 0 242 242 242 242 242 0 0 0 0 252 252 0 0 0 244 244 244 244 244 244 244 244 244 0 211 211 0 236 0 245 0 245 245 245 245 0 245 0 0 222 222
247 247 247 247 247 0 212 0 0 0 253 253 253 253 0 0 0 223 0 254 254 0 0 0 225 0 225 225 225 225 225 225 225 0 233 233 233 0 256 0 234 234 234 234 234 0 234 234 234 234 0 0 0 0 221 221 0 0 242 242 242 242 242 242 242 0 0 252 252 252 252 0 244 244 244 244 244 244 244 244 244 0 0 211 0 0 0 245 245 245 245 245 245 245 245 245 245 0 0 222
247 247 0 0 247 0 0 257 253 253 253 253 253 253 253 0 258 0 254 254 0 259 0 259 0 225 225 225 225 225 225 0 225 0 0 233 0 256 256 0 234 234 234 234 0 261 0 234 234 0 0 0 262 262 0 221 0 263 0 242 242 242 242 242 0 252 252 252 252 252 252 0 0 244 244 244 244 244 244 244 0 265 265 0 0 0 245 245 245 245 245 245 245 0 245 245 0 0 266 0
247 0 267 267 0 0 0 253 253 253 253 253 253 253 253 0 258 258 0 0 259 259 259 259 0 0 225 225 225 225 0 0 0 268 268 0 256 256 256 256 0 0 234 0 261 261 261 0 0 0 0 269 0 262 262 0 263 263 0 242 242 242 242 0 0 0 252 252 252 252 252 252 0 0 244 244 244 244 0 0 265 265 265 265 0 0 0 0 245 245 245 245 245 245 0 0 0 266 266 0
0 270 0 267 267 267 0 0 253 253 253 253 253 253 253 0 258 0 271 0 259 259 259 259 259 259 0 0 225 225 225 0 0 0 0 256 256 256 256 256 0 0 0 261 261 261 261 0 0 0 269 269 0 0 262 262 0 0 0 0 242 242 0 0 272 272 0 252 252 252 252 0 0 0 0 244 244 244 0 265 265 265 265 265 265 0 0 245 245 245 245 245 245 245 245 0 0 0 266 266
270 267 267 267 267 267 0 267 0 253 253 253 253 253 253 253 0 271 259 259 259 259 259 259 259 259 259 259 0 225 0 0 0 274 274 0 0 256 256 0 275 0 261 261 261 261 261 261 0 0 269 269 269 269 0 0 276 276 0 276 0 242 0 0 272 272 272 0 0 252 0 0 278 0 0 0 244 0 0 265 265 265 265 265 265 0 245 245 245 245 245 245 245 245 245 245 245 0 266 266
267 267 267 267 267 267 267 267 267 0 253 253 253 253 253 0 271 259 259 259 259 259 259 259 259 259 259 0 0 0 279 0 274 274 274 274 274 0 0 0 261 261 261 261 261 261 261 261 261 0 269 269 269 269 269 0 276 276 276 276 276 0 0 0 0 272 272 272 272 0 0 278 278 278 0 280 0 280 280 0 265 0 0 265 0 282 0 245 245 245 245 245 245 245 245 0 0 266 266 266
0 267 267 267 267 267 267 267 267 267 0 253 253 253 0 271 259 259 259 259 259 259 259 259 259 259 259 259 0 0 274 274 274 274 274 274 274 274 274 0 261 0 261 261 261 261 261 261 0 269 269 269 269 269 269 0 276 276 276 276 276 276 0 272 272 272 272 272 272 0 0 278 278 0 280 280 280 280 280 280 0 284 284 0 0 282 0 0 0 245 245 245 245 245 245 0 266 266 266 266
285 0 267 267 267 267 267 0 267 0 0 253 253 253 0 0 0 259 259 259 259 259 259 259 259 259 259 0 0 274 274 274 274 274 274 274 274 274 0 274 0 0 261 261 261 261 261 261 0 269 269 269 269 269 269 0 276 276 276 276 276 0 272 272 272 272 272 272 0 278 278 278 278 278 0 0 280 280 280 280 0 284 0 282 282 282 282 0 245 245 245 245 245 245 245 245 0 266 266 266
285 285 0 267 267 267 267 267 0 0 0 253 253 0 289 0 259 259 259 259 259 259 259 259 259 259 259 259 259 0 274 274 274 274 274 274 274 274 274 274 274 274 0 261 261 261 261 0 0 269 269 269 269 0 0 0 276 276 276 0 276 0 0 0 0 272 272 272 0 278 0 278 278 278 278 278 0 280 280 0 290 0 0 0 0 282 282 0 245 245 245 0 245 0 0 0 0 0 266 266
285 285 0 0 267 267 267 267 267 267 0 0 0 0 289 289 0 259 259 259 259 259 259 259 259 259 259 0 0 274 274 274 274 274 274 274 274 274 274 274 274 0 0 261 0 0 0 291 291 0 269 0 0 292 292 292 0 0 0 293 0 293 0 0 0 272 272 272 272 0 278 278 278 278 278 278 278 0 0 290 290 290 0 0 0 282 282 282 0 0 0 282 0 296 296 296 0 297 0 0
285 285 285 285 0 267 267 267 267 0 298 298 298 298 0 289 0 259 259 259 0 259 259 259 259 259 0 299 0 274 0 274 0 274 0 274 274 274 274 274 0 0 0 0 0 291 291 291 291 291 0 292 292 292 292 292 0 293 293 293 293 293 293 0 0 0 0 272 0 278 278 278 278 278 278 0 0 290 290 290 290 290 0 282 282 282 282 282 282 282 282 282 0 296 296 0 297 297 297 297
285 285 0 0 0 267 267 267 0 0 0 298 298 298 298 0 305 0 259 259 259 259 259 259 259 0 299 299 299 0 0 0 306 0 306 0 274 274 274 0 0 308 0 0 0 0 291 0 291 291 291 0 292 292 292 0 293 293 293 293 293 293 293 293 293 0 0 0 278 278 278 278 278 278 0 303 290 290 290 290 290 290 290 0 282 282 282 282 282 282 282 0 296 296 296 0 0 297 0 297
285 0 285 0 0 0 267 0 311 311 311 0 0 298 298 0 305 305 0 0 259 0 259 0 259 259 0 299 299 299 0 0 306 306 306 306 0 274 0 0 308 308 0 308 0 0 0 291 291 291 0 292 292 292 292 0 293 293 293 293 293 293 293 293 293 293 0 313 0 278 278 278 278 0 303 290 290 290 290 290 290 290 290 0 282 282 282 282 282 282 282 282 0 296 0 297 297 297 297 297
285 285 285 285 285 0 0 311 311 311 311 311 311 0 0 305 305 305 305 0 0 315 0 315 0 0 299 299 299 0 306 306 306 0 306 0 0 274 0 0 308 308 308 308 308 0 308 0 0 0 292 292 292 292 0 293 293 293 293 293 293 293 0 293 293 0 313 313 0 278 0 278 0 303 290 290 290 290 290 290 290 290 290 0 282 282 282 282 282 282 282 0 296 296 0 297 297 297 297 297
285 285 285 285 0 311 311 311 311 311 311 311 311 0 0 0 305 305 0 315 315 315 315 315 299 299 299 299 0 306 306 306 306 306 306 306 0 0 0 308 308 308 308 308 308 308 308 308 308 308 0 292 292 292 0 0 293 293 293 293 293 0 293 0 0 313 313 313 313 0 278 278 278 0 290 290 290 290 290 290 290 290 0 282 282 282 282 282 282 0 282 0 0 0 0 0 297 297 297 297
285 285 285 285 285 0 311 311 311 311 311 0 0 0 0 322 0 0 323 0 0 315 315 299 299 299 299 0 306 306 306 306 306 306 0 0 306 0 0 0 0 308 308 308 308 308 308 308 308 308 0 292 292 0 293 293 293 293 293 293 293 293 293 293 0 313 313 313 313 0 278 0 0 0 0 290 290 290 0 290 290 0 0 282 282 282 282 0 282 282 0 326 326 326 0 297 297 297 297 297
285 0 285 285 0 311 311 311 311 311 311 311 0 0 322 322 322 0 323 323 0 315 299 299 299 299 299 299 0 306 306 306 306 306 306 306 306 306 306 0 327 0 308 308 308 308 308 308 308 308 0 292 0 0 0 0 293 293 293 293 293 293 293 293 293 0 313 313 313 313 0 0 328 0 0 0 290 290 290 290 0 329 0 0 282 0 0 330 0 0 326 326 326 0 297 297 297 297 297 297
285 285 0 0 311 311 311 311 311 311 311 0 0 0 322 322 0 0 323 0 0 0 299 0 299 0 299 299 0 306 306 306 306 306 306 306 306 306 0 327 327 0 0 308 308 308 308 0 308 0 331 0 332 0 0 0 0 293 293 293 293 293 293 293 0 0 313 313 313 0 0 0 328 328 0 328 0 290 0 290 0 329 329 0 0 330 330 330 326 326 326 326 0 297 297 297 297 297 297 297
285 285 285 0 311 311 311 311 311 311 0 0 322 322 322 322 322 322 0 336 0 336 0 0 0 338 0 299 0 0 306 306 306 306 306 306 306 0 327 327 327 327 327 0 308 308 308 308 0 0 331 0 332 0 332 0 0 293 293 293 293 293 0 0 0 313 313 313 0 340 0 328 328 328 328 328 328 0 0 0 329 329 329 0 330 330 330 326 326 326 326 326 0 0 297 0 297 297 297 297
0 285 285 0 311 311 311 311 0 311 0 322 322 322 322 322 322 322 0 336 336 336 336 0 338 338 338 0 306 306 306 306 306 306 306 0 306 306 0 327 327 327 0 308 308 308 308 308 0 342 0 332 332 332 332 332 0 0 0 0 293 0 343 343 0 0 313 0 0 328 328 328 328 328 328 328 0 344 329 329 329 329 329 329 0 330 330 0 0 326 326 326 326 0 0 0 297 297 297 297
345 0 0 345 0 311 311 0 347 0 322 322 322 322 322 322 322 0 336 336 336 336 0 0 0 338 338 338 0 306 0 306 306 306 306 0 306 0 348 0 327 327 0 0 308 308 308 0 342 332 332 332 332 332 332 332 332 0 0 0 293 0 343 343 343 343 0 340 328 328 328 328 328 328 328 328 328 0 0 329 329 329 329 329 329 0 0 350 0 326 326 326 0 351 351 351 0 297 297 297
345 345 345 345 345 0 311 0 347 347 0 0 322 322 322 322 322 0 336 336 336 336 0 338 338 338 338 338 0 0 0 306 0 306 306 306 0 348 348 348 0 0 353 353 0 308 0 0 0 332 332 332 332 332 332 332 332 332 0 354 0 343 343 343 0 0 0 328 328 328 328 328 328 328 328 328 328 328 0 0 329 329 329 329 329 0 350 350 350 0 326 326 0 0 0 351 351 0 297 0
345 345 345 345 345 0 0 347 347 347 0 322 322 322 322 322 322 322 0 336 336 336 0 338 338 338 338 0 355 0 0 0 306 306 306 0 348 348 348 348 348 0 353 353 353 0 353 356 0 332 332 332 332 332 332 332 0 0 354 343 343 343 343 343 343 0 357 0 328 328 328 328 328 328 328 328 0 328 0 0 0 329 329 329 0 350 350 350 350 0 0 0 358 0 351 351 0 359 0 0
345 345 345 345 0 360 0 347 0 347 347 0 322 322 322 322 322 322 322 0 336 0 361 0 338 338 338 0 355 355 0 0 0 306 0 348 348 348 348 348 348 348 0 353 353 353 353 0 332 332 332 332 332 332 332 332 332 332 0 343 343 343 343 343 343 0 357 357 0 328 0 328 328 328 328 0 0 0 0 0 362 0 329 0 350 350 350 350 0 0 350 0 358 358 0 351 0 359 359 0
345 345 345 0 360 360 0 0 360 0 347 0 322 322 322 322 322 322 322 322 0 361 361 361 0 0 0 355 355 355 0 0 0 0 348 348 348 348 348 348 348 348 0 0 353 353 353 353 0 332 332 332 332 332 332 332 332 332 0 343 343 343 343 343 0 357 357 357 0 328 328 328 328 328 0 0 0 365 0 362 362 362 0 350 350 350 350 350 350 350 350 350 0 0 0 0 359 359 359 359
345 345 345 0 360 360 360 360 360 360 0 360 0 322 0 322 322 0 322 0 361 361 361 361 0 355 355 355 355 355 355 355 0 348 348 348 0 348 348 348 348 348 348 348 0 353 353 353 353 0 332 332 332 332 332 332 332 332 0 0 343 343 343 343 0 357 357 357 357 0 0 328 328 0 0 0 0 362 362 362 362 0 0 0 350 350 350 350 350 350 350 0 368 368 359 359 359 359 359 359
345 345 0 360 360 360 360 360 360 360 360 360 360 0 369 0 0 370 0 361 361 361 361 0 355 355 355 355 355 355 355 0 0 348 348 348 348 348 348 348 348 348 0 0 0 353 353 353 0 0 332 332 332 0 332 332 332 0 371 371 0 343 0 0 0 357 357 357 0 372 372 0 0 0 0 365 362 362 362 362 362 362 362 362 0 350 350 350 350 350 0 368 368 359 359 359 359 359 359 359
0 345 0 0 360 360 360 360 360 360 360 360 0 369 369 0 370 370 0 0 361 0 361 361 0 355 355 355 355 355 355 355 355 0 348 0 348 348 348 0 348 0 374 0 353 353 0 0 375 375 0 332 0 0 0 332 0 371 371 371 371 0 0 0 0 0 357 0 372 372 372 372 372 0 365 362 362 362 362 362 362 362 362 362 362 0 350 350 0 350 0 0 359 359 359 359 359 359 359 0
0 0 0 360 360 360 360 360 360 360 360 360 0 369 0 370 370 370 370 370 0 370 0 361 361 0 355 355 355 355 355 355 0 0 0 377 0 348 348 0 0 374 374 374 0 353 0 0 375 0 0 0 0 0 378 0 371 371 371 371 0 0 0 379 0 379 0 372 372 372 372 372 372 0 0 362 362 362 362 362 362 362 362 362 0 0 0 0 381 0 368 359 359 359 359 359 359 359 0 0
383 0 0 0 360 360 360 360 360 360 360 0 384 0 370 370 370 370 370 370 370 370 370 0 0 355 355 355 355 355 355 355 355 0 377 377 0 348 0 0 0 374 374 374 374 0 0 385 0 385 0 0 378 378 371 371 371 371 371 0 0 371 0 379 379 379 0 372 372 372 372 372 0 362 362 362 362 362 362 362 362 362 362 362 362 0 390 0 381 381 0 0 359 359 359 359 359 359 359 359
383 0 0 360 360 360 360 360 360 360 360 0 384 0 370 0 370 370 370 370 370 370 370 0 0 0 355 355 355 355 355 0 0 377 377 377 377 0 0 0 0 0 374 374 374 0 385 385 385 385 385 385 0 371 371 371 371 371 371 371 371 371 371 0 379 379 0 0 372 372 372 372 372 0 0 362 362 362 362 362 362 362 362 0 0 390 381 381 381 381 0 0 359 359 359 0 359 359 359 0
383 383 0 0 0 360 0 360 360 360 360 0 0 370 370 370 370 370 370 370 370 0 370 0 0 355 355 355 355 355 355 0 377 377 377 377 377 377 377 377 0 374 374 374 0 385 385 385 385 385 385 385 385 0 371 371 371 371 371 371 371 371 371 0 379 0 372 372 372 372 0 372 0 0 392 0 0 362 362 362 362 362 0 390 390 381 381 381 381 381 381 0 0 359 0 0 0 359 0 394
383 383 0 383 0 360 0 0 360 360 0 396 0 0 370 370 370 370 370 0 0 397 0 398 398 0 355 355 355 0 0 377 377 377 377 377 377 377 0 0 399 0 0 0 385 385 385 385 385 385 385 385 0 371 371 371 371 371 371 371 371 371 371 0 379 379 0 372 0 0 400 0 392 392 392 392 392 0 362 362 362 362 362 0 381 381 381 381 381 381 381 381 0 0 402 0 0 359 0 394
383 383 383 383 383 0 0 0 0 0 396 396 0 370 370 370 370 370 0 397 397 397 397 0 398 398 0 355 0 377 377 377 377 377 377 0 377 377 0 399 399 0 385 385 385 385 385 385 385 385 385 385 0 371 371 371 371 371 371 371 0 371 0 379 379 379 379 0 0 0 400 392 392 392 392 392 392 392 0 362 0 362 0 381 381 381 381 381 381 381 381 0 402 402 402 402 402 0 394 394
383 383 383 383 383 383 383 383 0 396 396 0 370 370 370 370 370 0 397 397 397 397 0 397 0 0 0 0 408 0 377 377 377 377 377 377 0 0 409 0 399 399 0 0 385 385 385 385 385 385 385 385 385 0 371 0 371 0 371 371 371 0 379 379 0 379 379 0 0 400 392 392 392 392 392 392 392 392 0 362 0 0 0 381 381 381 381 381 381 381 0 0 402 402 402 402 0 410 0 394
383 383 383 383 383 383 383 0 396 396 396 396 0 370 370 0 0 411 0 397 397 397 397 397 397 397 0 408 408 0 377 377 0 0 0 0 0 409 409 409 0 399 399 0 385 0 0 385 385 385 385 385 385 385 0 412 0 0 371 0 0 379 379 0 413 0 0 400 400 392 392 392 392 392 392 392 392 392 392 0 0 0 381 381 381 381 381 381 381 381 381 381 0 402 402 0 410 410 410 0
383 383 383 383 383 383 383 383 0 396 396 0 0 0 0 415 0 397 397 397 397 397 397 397 397 397 397 0 408 408 0 0 416 416 0 0 409 409 409 409 409 0 0 417 0 0 385 385 385 385 385 0 0 0 412 412 0 0 0 418 0 379 0 413 413 0 400 400 392 392 392 392 392 392 392 392 392 392 0 419 419 0 0 0 381 381 381 381 381 381 381 0 420 0 0 0 410 410 410 410
383 383 383 383 383 383 383 0 0 0 0 421 421 0 415 415 0 397 397 397 397 397 397 397 397 397 397 397 0 408 0 416 416 416 416 0 0 409 409 409 409 0 417 417 417 0 0 385 385 385 0 422 412 412 412 0 412 0 418 418 418 0 413 413 413 413 0 392 392 392 392 392 392 392 392 392 392 0 0 419 419 419 0 0 381 381 381 381 381 0 0 420 420 420 0 410 410 410 410 0
383 383 383 383 383 0 0 424 0 421 421 421 0 415 415 415 0 0 397 397 397 397 397 397 397 397 397 0 426 0 416 416 416 416 416 416 0 409 409 409 0 417 417 417 417 0 417 0 385 0 422 412 412 412 412 412 412 412 0 418 0 413 413 413 413 413 413 0 392 392 392 392 392 392 392 392 392 392 0 419 419 419 419 419 0 381 381 381 0 420 420 420 420 420 0 410 410 410 410 410
383 383 383 383 0 424 424 424 424 0 421 415 415 415 415 0 415 415 0 397 397 397 397 397 397 397 0 426 426 426 0 416 416 416 416 416 416 0 409 409 409 0 417 417 417 417 417 417 0 0 412 412 412 412 412 412 412 412 0 0 413 413 413 413 413 413 413 0 392 392 392 392 392 392 392 392 392 392 392 0 419 419 419 419 0 381 0 381 0 420 420 420 420 420 420 0 410 410 410 410
0 383 0 0 424 424 424 424 0 421 415 415 415 415 415 415 415 415 0 397 397 0 397 0 397 0 0 0 426 416 416 416 416 416 416 416 0 0 409 409 0 417 417 417 417 417 417 417 417 417 0 412 412 412 412 412 412 412 0 413 413 413 413 413 413 413 413 0 392 392 392 392 392 392 392 392 392 392 392 0 419 419 419 419 419 0 419 0 0 420 420 420 420 420 0 410 410 410 410 410
0 0 429 424 424 424 424 0 421 415 415 415 415 415 415 415 415 415 0 0 0 0 397 0 0 0 0 426 416 416 416 416 416 416 416 0 433 433 0 0 417 417 417 417 417 417 417 417 417 0 412 412 412 412 412 412 412 412 412 0 413 413 413 413 413 413 413 413 0 392 392 392 392 392 392 392 392 392 0 419 419 419 419 419 419 419 419 419 419 0 420 420 420 420 0 410 410 410 410 410
